     
        0   0   0   0   0
        0   0   0   0   0   4
        0   0   0   0   4
        0   0   0   0   4
        0   0   0   0   4 |  499 499  87   0
        0   0   0   0   4 |  499 499  87   0   4
        0   0   0   0   4 |  499 499  87   4
        0   0   0   0   4 |  499 499  87   4   4
        0   0   0   0   4 |  499 499  87   4   4   1
        0   0   0   0   4 |  499 499  87   4   3
        0   0   0   0   3 |  499 499  87   4
        0   0   0   0   3 |  499 499  87   4   3
        0   0   0   0   3 |  499 499  87   4   3   0
        0   0   0   0   3 |  499 499  87   4   0
        0   0   0   0   3 |  499 499  87   4
        0   0   0   0   3 |  499 499  87   4   3
        0   0   0   0   3 |  499 499  87   4   3   0
        0   0   0   0   3 |  499 499  87   4   1
        0   0   0   0   3 |  499 499  87   4
        0   0   0   0   3 |  499 499  87   4
        0   0   0   0   3 |  499 499  87   4 |  499 494  60   0
        0   0   0   0   3 |  499 499  87   4 |  499 494  60   0   3
        0   0   0   0   3 |  499 499  87   4 |  499 494  60   3
        0   0   0   0   3 |  499 499  87   4 |  499 494  60   3   3
        0   0   0   0   3 |  499 499  87   4 |  499 494  60   3   3   1
        0   0   0   0   3 |  499 499  87   4 |  499 494  60   3   2
        0   0   0   0   2 |  499 499  87   4 |  499 494  60   3
        0   0   0   0   2 |  499 499  87   4 |  499 494  60   3   2
        0   0   0   0   2 |  499 499  87   4 |  499 494  60   3   2   0
        0   0   0   0   2 |  499 499  87   4 |  499 494  60   3   0
        0   0   0   0   2 |  499 499  87   4 |  499 494  60   3
        0   0   0   0   2 |  499 499  87   4 |  499 494  60   3   2
        0   0   0   0   2 |  499 499  87   4 |  499 494  60   3   2   0
        0   0   0   0   2 |  499 499  87   4 |  499 494  60   3   1
        0   0   0   0   2 |  499 499  87   4 |  499 494  60   3
        0   0   0   0   2 |  499 499  87   4 |  499 494  60   3
        0   0   0   0   2 |  499 499  87   4 |  499 494  60   3 |  499 490  60   0
        0   0   0   0   2 |  499 499  87   4 |  499 494  60   3 |  499 490  60   0   2
        0   0   0   0   2 |  499 499  87   4 |  499 494  60   3 |  499 490  60   2
        0   0   0   0   2 |  499 499  87   4 |  499 494  60   3 |  499 490  60   2   2
        0   0   0   0   2 |  499 499  87   4 |  499 494  60   3 |  499 490  60   2   2   1
        0   0   0   0   2 |  499 499  87   4 |  499 494  60   3 |  499 490  60   2   1
        0   0   0   0   1 |  499 499  87   4 |  499 494  60   3 |  499 490  60   2
        0   0   0   0   1 |  499 499  87   4 |  499 494  60   3 |  499 490  60   2   1
        0   0   0   0   1 |  499 499  87   4 |  499 494  60   3 |  499 490  60   2   1   0
        0   0   0   0   1 |  499 499  87   4 |  499 494  60   3 |  499 490  60   2   0
        0   0   0   0   1 |  499 499  87   4 |  499 494  60   3 |  499 490  60   2
        0   0   0   0   1 |  499 499  87   4 |  499 494  60   3 |  499 490  60   2   1
        0   0   0   0   1 |  499 499  87   4 |  499 494  60   3 |  499 490  60   2   1   0
        0   0   0   0   1 |  499 499  87   4 |  499 494  60   3 |  499 490  60   2   1
        0   0   0   0   1 |  499 499  87   4 |  499 494  60   3 |  499 490  60   2
        0   0   0   0   1 |  499 499  87   4 |  499 494  60   3 |  499 490  60   2
        0   0   0   0   1 |  499 499  87   4 |  499 494  60   3 |  499 490  60   2 |  499 486  60   0
        0   0   0   0   1 |  499 499  87   4 |  499 494  60   3 |  499 490  60   2 |  499 486  60   0   1
        0   0   0   0   1 |  499 499  87   4 |  499 494  60   3 |  499 490  60   2 |  499 486  60   1
        0   0   0   0   1 |  499 499  87   4 |  499 494  60   3 |  499 490  60   2 |  499 486  60   1   1
        0   0   0   0   1 |  499 499  87   4 |  499 494  60   3 |  499 490  60   2 |  499 486  60   1   1   1
        0   0   0   0   1 |  499 499  87   4 |  499 494  60   3 |  499 490  60   2 |  499 486  60   1   0
        0   0   0   0   0 |  499 499  87   4 |  499 494  60   3 |  499 490  60   2 |  499 486  60   1
        0   0   0   0   0 |  499 499  87   4 |  499 494  60   3 |  499 490  60   2 |  499 486  60   1   0
        0   0   0   0   0 |  499 499  87   4 |  499 494  60   3 |  499 490  60   2 |  499 486  60   1   0   0
        0   0   0   0   0 |  499 499  87   4 |  499 494  60   3 |  499 490  60   2 |  499 486  60   1   1
        0   0   0   0   0 |  499 499  87   4 |  499 494  60   3 |  499 490  60   2 |  499 486  60   1
        0   0   0   0   0 |  499 499  87   4 |  499 494  60   3 |  499 490  60   2 |  499 486  60   1   1
        0   0   0   1   0 |  499 499  87   4 |  499 494  60   3 |  499 490  60   2 |  499 486  60   1
        0   0   0   1   0 |  499 499  87   4 |  499 494  60   3 |  499 490  60   2 |  499 486  60   1   0
        0   0   0   1   0 |  499 499  87   4 |  499 494  60   3 |  499 490  60   2 |  499 486  60   1   0   0
        0   0   0   1   0 |  499 499  87   4 |  499 494  60   3 |  499 490  60   2 |  499 486  60   1   0
        0   0   0   1   0 |  499 499  87   4 |  499 494  60   3 |  499 490  60   2 |  499 486  60   1
        0   0   0   1   0 |  499 499  87   4 |  499 494  60   3 |  499 490  60   2 |  499 486  60   1   1
        0   0   0   1   0 |  499 499  87   4 |  499 494  60   3 |  499 490  60   2 |  499 486  60   1   1   1
        0   0   0   1   0 |  499 499  87   4 |  499 494  60   3 |  499 490  60   2 |  499 486  60   1   1
        0   0   0   1   0 |  499 499  87   4 |  499 494  60   3 |  499 490  60   2 |  499 486  60   1
        0   0   0   1   0 |  499 499  87   4 |  499 494  60   3 |  499 490  60   2
        0   0   0   1   0 |  499 499  87   4 |  499 494  60   3 |  499 490  60   2 |    1
        0   0   0   1   0 |  499 499  87   4 |  499 494  60   3 |  499 490  60   2 |    1   2
        0   0   0   1   0 |  499 499  87   4 |  499 494  60   3 |  499 490  60   2 |    2
        0   0   0   2   0 |  499 499  87   4 |  499 494  60   3 |  499 490  60   2
        0   0   0   2   0 |  499 499  87   4 |  499 494  60   3
        0   0   0   2   0 |  499 499  87   4 |  499 494  60   3 |    2
        0   0   0   2   0 |  499 499  87   4 |  499 494  60   3 |    2   3
        0   0   0   2   0 |  499 499  87   4 |  499 494  60   3 |    6
        0   0   0   6   0 |  499 499  87   4 |  499 494  60   3
        0   0   0   6   0 |  499 499  87   4
        0   0   0   6   0 |  499 499  87   4 |    6
        0   0   0   6   0 |  499 499  87   4 |    6   4
        0   0   0   6   0 |  499 499  87   4 |   24
        0   0   0  24   0 |  499 499  87   4
        0   0   0  24   0
        0   0   0  24   0 |   24
        0   0   0  24   0
        0   0   0  24   0
